5.781797009710432533e+00
1.635993586888526252e+01
4.303815593465326828e+00
0.000000000000000000e+00
0.000000000000000000e+00
0.000000000000000000e+00
4.948066402764117466e-01
6.852538332739414040e-01
3.333301534118287557e-01
1.833396175599245836e+01
7.816858716119549078e-01
2.216738127073106135e+00
7.743934842360351567e-01
1.635973267227930774e+04
3.095319538265785013e+04
3.066119041206571438e+01
1.014018167221725122e+02
8.637888995701041850e+00
3.240506329113924000e+00
6.733832713802628156e+00
1.750123433825880426e+00
1.385835308375976274e+04
0.000000000000000000e+00
9.772339279297334258e+00
3.402127632642068056e+04
1.305770536116566655e+05
5.283318657021102990e+04
7.266304336116348168e+03
2.332830595206032953e+01
3.373475356854295569e+03
0.000000000000000000e+00
0.000000000000000000e+00
6.437321572852140889e+03
2.109134661998384217e+03
3.054066579744144083e-01
5.820901348507645338e-03
5.186426815117738398e-01
0.000000000000000000e+00
0.000000000000000000e+00
6.050251373347949047e-01
4.810750991442994118e-01
1.405019781098842784e-02
2.822193439536762531e-04
6.025666576892000847e+01
5.639644492324266123e-01
2.081335847023969787e+00
0.000000000000000000e+00
0.000000000000000000e+00
0.000000000000000000e+00
0.000000000000000000e+00
0.000000000000000000e+00
0.000000000000000000e+00
5.630487476434150373e+00
0.000000000000000000e+00
6.684621599784540402e-01
6.544573121465122045e-02
0.000000000000000000e+00
0.000000000000000000e+00
4.578507945057904566e-02
0.000000000000000000e+00
2.826043630487476577e+01
2.154591974144896230e-03
0.000000000000000000e+00
0.000000000000000000e+00
0.000000000000000000e+00
0.000000000000000000e+00
0.000000000000000000e+00
0.000000000000000000e+00
5.985952886980886595e-02
3.285752760570966879e-01
0.000000000000000000e+00
0.000000000000000000e+00
0.000000000000000000e+00
1.943819014274171764e+01
-2.566285968335319523e-01
2.329437754651447534e+01
4.181896145606150839e+01
3.875749860144718895e+01
-3.767444193996219437e-01
-2.736348681163481081e-02
1.035673032063400223e+00
3.029270860043928870e-01
-2.302933757960950178e-01
1.029546610700917464e+00
2.566386144600814934e+00
2.547522651232108970e+00
-2.537032049555615343e-01
1.216776191758685712e+02
1.987212496633449916e+02
8.878938863452734154e+01
-5.076757339078912246e-01
7.695394559655265532e+00
1.268758416374899056e+01
4.878265553460813031e+00
-3.932130352814435653e-02
6.827363318071639764e-01
9.202800969566388156e-01
-3.689738755723134811e-02
8.103959062752491560e-01
8.887691893347697547e-03
8.152437382170751867e-01
3.333503905197953259e+02
-3.689738755723134811e-02
4.497710746027470952e-02
-3.932130352814435653e-02
-1.000000000000000000e+00
-1.000000000000000000e+00
-1.000000000000000000e+00
-1.000000000000000000e+00
-1.000000000000000000e+00
-1.000000000000000000e+00
-1.000000000000000000e+00
-1.000000000000000000e+00
-1.000000000000000000e+00
-1.000000000000000000e+00
-1.000000000000000000e+00
-1.000000000000000000e+00
2.156895734694678879e+01
5.557134522411046783e+05
1.182708977899596939e+05
1.151644993879929357e+00
2.451357887650637668e+00
2.573810807367126419e+00
4.531362779423646316e+03
-4.014297497769158326e+03
6.960446607953130194e-01
1.060007843006707029e+00
4.531362779423646316e+03
8.434032599730897346e+03
2.105514555329585346e+04
1.125109076218691087e+02
4.141852660382439848e+06
1.788068519739542855e+06
4.716671155399946080e+00
6.420207379477511722e+02
2.006426066102325212e+00
8.399380554807433441e+01
1.056698222461621299e+04
5.483173983301911903e+03
2.270642253257824734e+02
1.157126471920116861e+00
3.507321653649340442e+04
3.412280083143549919e+09
1.005330035624009371e+09
0.000000000000000000e+00
8.034027558308645152e+06
6.044296902774037153e+04
3.017055022892539637e+04
3.910352814435766504e+02
1.908296633450040463e+04
1.353854871098033800e+04
4.804254524643141733e-01
4.612273633180733157e+01
2.540605440344731747e+01
7.368350121195786073e+01
