2.530110840431140318e+01
1.007125740514805443e+02
4.098439232983500879e+00
0.000000000000000000e+00
0.000000000000000000e+00
0.000000000000000000e+00
8.140622455806686419e-01
8.861222869191943685e-01
4.175112601263474277e-01
1.305468143924908873e+02
7.574345244547503464e-01
2.493034763748988247e+00
7.487260371527635350e-01
2.278507927460046994e+04
6.883010633210223750e+04
1.280837489636980138e+02
2.591962491876918193e+02
7.960790129111919633e+00
1.209694910764367215e+01
8.442371042638447420e+01
1.830487325715967506e+00
2.039824600084902340e+04
0.000000000000000000e+00
1.948448200113307749e+01
5.259197101821766410e+04
4.551378647509697475e+05
2.106764852056695672e+05
1.427074638196764681e+04
1.885237779839790448e+02
6.935735629617269296e+03
0.000000000000000000e+00
0.000000000000000000e+00
1.515358460149686471e+04
5.359552743133346667e+03
3.565638278431057517e-01
3.378024216205288699e-02
4.100532188187611116e-01
0.000000000000000000e+00
0.000000000000000000e+00
3.814203654203302540e-01
4.098761987386818073e-01
8.277662353406728402e-02
1.192844016011474981e-02
2.290843131137944795e+02
2.774071524134631872e+01
3.152579831213494188e+01
0.000000000000000000e+00
0.000000000000000000e+00
0.000000000000000000e+00
0.000000000000000000e+00
0.000000000000000000e+00
0.000000000000000000e+00
1.849026376898489588e+01
0.000000000000000000e+00
1.011305440290066393e+01
4.551221745078434244e-01
0.000000000000000000e+00
0.000000000000000000e+00
1.712756635156389873e+00
0.000000000000000000e+00
1.671439699626651532e+02
4.636755015708374228e-02
0.000000000000000000e+00
0.000000000000000000e+00
0.000000000000000000e+00
0.000000000000000000e+00
0.000000000000000000e+00
0.000000000000000000e+00
2.277592675432628389e-01
6.043186398617003796e+00
0.000000000000000000e+00
0.000000000000000000e+00
0.000000000000000000e+00
1.637737283993608060e+02
7.786976844890370897e-01
5.181462787415644300e+01
1.176388029847080929e+02
2.143394732876333819e+02
6.927389469887035300e-01
1.046904160476279655e+00
9.302447912074319758e-01
3.362994545657077006e-01
8.395036947155334328e-01
2.188205347431632308e+00
1.951391172790521322e+00
1.958283501986683550e+00
8.452926608273854114e-01
3.417520891942994581e+02
3.531858828449089742e+02
4.678783623390097546e+02
5.168924635764762243e-01
3.117635514592777568e+01
4.561449133764299546e+01
9.753451066714207585e+00
1.971102092842080544e-01
5.443595650679950992e-01
3.912601987750525812e-01
2.036199849660678685e-01
4.830882780723573799e-01
2.975375671566877767e-01
4.799388383516127177e-01
6.494697841908213150e+02
2.036199849660679517e-01
3.502485835919230128e-01
1.971102092842081654e-01
0.000000000000000000e+00
0.000000000000000000e+00
0.000000000000000000e+00
0.000000000000000000e+00
0.000000000000000000e+00
0.000000000000000000e+00
0.000000000000000000e+00
0.000000000000000000e+00
0.000000000000000000e+00
0.000000000000000000e+00
0.000000000000000000e+00
0.000000000000000000e+00
4.233524936446671205e+01
1.531535653454589192e+06
2.945240447844609153e+05
1.101289302924567393e+00
4.035530494016262182e+00
4.046402595796784851e+00
9.107839670503393791e+03
1.951460339413073598e+04
1.044693330936433018e+00
1.179483908382142676e+00
9.107839670503393791e+03
1.241605712707526072e+04
6.106846755550233502e+04
1.712793842622841396e+02
8.013533265215013176e+06
3.525982875536568463e+06
2.818137906594656883e+01
1.966237983797791458e+04
2.536068481943782871e+01
6.057087669701069217e+02
4.422511737597855972e+04
9.532937984432184749e+03
1.095441052863066943e+03
3.575160082207573531e+00
6.151200687338761782e+04
1.231062726583495903e+10
4.125427326782433987e+09
0.000000000000000000e+00
8.268927107340447605e+06
1.408230721190664917e+05
7.042211023811055929e+04
9.991750052854674777e+02
4.955321193982962723e+04
7.877917266149641364e+04
1.316928425737186603e-01
1.257833480107335475e+02
7.392586144681474991e+01
1.506773566022552018e+02
